MapAcrithiaHex: [(0.42138671875, 0.322109009009009)]
MapAllodsBightHex: [(0.51220703125, 0.5833702702702703), (0.39208984375, 0.18303243243243242)]
MapAshFieldsHex: [(0.47607421875, 0.5771765765765766), (0.48876953125, 0.19541981981981982)]
MapBasinSionnachHex: [(0.4033203125, 0.527627027027027), (0.232421875, 0.4381), (0.6259765625, 0.3299918918918919)]
MapCallahansPassageHex: [(0.369140625, 0.7382126126126126), (0.62451171875, 0.447109009009009), (0.75830078125, 0.24215405405405405), (0.52001953125, 0.15375315315315313)]
MapCallumsCapeHex: [(0.71728515625, 0.5636630630630631), (0.44921875, 0.36602792792792793), (0.3623046875, 0.22188378378378376)]
MapClahstraHex: [(0.56591796875, 0.2522891891891892), (0.56689453125, 0.21569009009009008)]
MapClansheadValleyHex: [(0.57666015625, 0.8153522522522523), (0.57275390625, 0.3564558558558558)]
MapDeadLandsHex: [(0.486328125, 0.8429423423423423), (0.27294921875, 0.7382126126126126), (0.61767578125, 0.12334774774774775)]
MapDrownedValeHex: [(0.640625, 0.7922666666666667), (0.54296875, 0.5704198198198198), (0.4365234375, 0.179090990990991), (0.6396484375, 0.16107297297297296)]
MapEndlessShoreHex: [(0.3857421875, 0.8052171171171172), (0.78515625, 0.7567936936936938), (0.68359375, 0.7292036036036037), (0.28955078125, 0.4775144144144144), (0.40234375, 0.4442936936936937), (0.2568359375, 0.384609009009009), (0.34228515625, 0.3587081081081081)]
MapFarranacCoastHex: [(0.43798828125, 0.8660279279279279), (0.44482421875, 0.6864108108108109), (0.5966796875, 0.589000900900901), (0.431640625, 0.5349468468468469), (0.60498046875, 0.4223342342342342)]
MapFishermansRowHex: [(0.341796875, 0.2517261261261261)]
MapGodcroftsHex: [(0.49853515625, 0.5118612612612613)]
MapGreatMarchHex: [(0.41357421875, 0.8671540540540541), (0.60107421875, 0.20893333333333333)]
MapHeartlandsHex: [(0.8330078125, 0.5084828828828829), (0.59375, 0.4899018018018018), (0.5712890625, 0.4454198198198198), (0.6357421875, 0.42965405405405405)]
MapHowlCountyHex: [(0.59228515625, 0.8221090090090091), (0.38671875, 0.6419288288288288), (0.212890625, 0.47075765765765765), (0.6484375, 0.3620864864864865)]
MapKalokaiHex: [(0.45458984375, 0.7111855855855856)]
MapKingsCageHex: [(0.67529296875, 0.7021765765765766), (0.4072265625, 0.4960954954954955), (0.3193359375, 0.47244684684684685)]
MapLinnMercyHex: [(0.58837890625, 0.7235729729729731), (0.39599609375, 0.714000900900901), (0.2041015625, 0.6419288288288288), (0.8134765625, 0.4786405405405405), (0.46240234375, 0.4138882882882883), (0.3515625, 0.21512702702702702), (0.5751953125, 0.17064504504504505)]
MapLochMorHex: [(0.51513671875, 0.40487927927927925), (0.44677734375, 0.12785225225225225)]
MapMarbanHollow: [(0.6416015625, 0.8699693693693694), (0.47607421875, 0.5332576576576578)]
MapMooringCountyHex: [(0.263671875, 0.7438432432432432), (0.5, 0.4994738738738739)]
MapMorgensCrossingHex: [(0.66064453125, 0.14361801801801802)]
MapNevishLineHex: [(0.337890625, 0.6582576576576578), (0.8427734375, 0.4319063063063063), (0.5908203125, 0.2551045045045045)]
MapOriginHex: [(0.31005859375, 0.5377621621621622), (0.611328125, 0.32323513513513513)]
MapReachingTrailHex: [(0.36962890625, 0.7365234234234235), (0.5322265625, 0.7078072072072072), (0.71923828125, 0.3756), (0.43212890625, 0.3553297297297297)]
MapReaversPassHex: [(0.4609375, 0.7280774774774775), (0.7431640625, 0.5045414414414415), (0.259765625, 0.43078018018018016)]
MapRedRiverHex: [(0.44970703125, 0.6351720720720722), (0.396484375, 0.4617486486486486), (0.712890625, 0.36828018018018016)]
MapSableportHex: [(0.564453125, 0.7736855855855856), (0.35888671875, 0.7111855855855856), (0.5908203125, 0.6897891891891892), (0.47021484375, 0.2736855855855856)]
MapShackledChasmHex: [(0.3857421875, 0.7252621621621622), (0.4501953125, 0.6458702702702703), (0.22412109375, 0.6222216216216216), (0.39892578125, 0.18697387387387387), (0.64892578125, 0.13404594594594593)]
MapSpeakingWoodsHex: [(0.3134765625, 0.44879819819819816), (0.6123046875, 0.3812306306306306)]
MapStemaLandingHex: [(0.37255859375, 0.7967711711711712), (0.3818359375, 0.7337081081081082), (0.60400390625, 0.3378747747747748)]
MapStlicanShelfHex: [(0.43212890625, 0.7596090090090091), (0.35107421875, 0.43134324324324325), (0.7021484375, 0.358145045045045)]
MapStonecradleHex: [(0.73828125, 0.6841585585585586), (0.51318359375, 0.5045414414414415)]
MapTempestIslandHex: [(0.3388671875, 0.8277396396396397), (0.84130859375, 0.43134324324324325), (0.509765625, 0.3406900900900901)]
MapTerminusHex: [(0.45263671875, 0.7517261261261262), (0.48388671875, 0.7483477477477478), (0.42236328125, 0.7021765765765766)]
MapTheFingersHex: [(0.78955078125, 0.6284153153153154), (0.822265625, 0.5433927927927928), (0.20654296875, 0.45048738738738736)]
MapUmbralWildwoodHex: [(0.42236328125, 0.8114108108108109), (0.1728515625, 0.5281900900900901)]
MapViperPitHex: [(0.4091796875, 0.8057801801801803), (0.42041015625, 0.7967711711711712), (0.255859375, 0.5957576576576578), (0.330078125, 0.5833702702702703), (0.7626953125, 0.5304423423423423), (0.29345703125, 0.46906846846846845), (0.44921875, 0.3924918918918919)]
MapWeatheredExpanseHex: [(0.29052734375, 0.5253747747747748)]